tailles_corr <- c(156, 164, 197, 147, 173)
poids_corr <- c(45, 59, 110, 44, 88)

imc_corr <- poids / (tailles / 100) ^ 2
