tailles <- c(156, 164, 197, 147, 173)
poids <- c(45, 59, 110, 44, 88)

imc <- poids / (tailles / 100) ^ 2
